-30.197784423828125
-15.511520385742188
-26.0994873046875
-22.577072143554688
-4.243766784667969
-31.55854034423828
-23.751861572265625
-8.217025756835938
-71.59529113769531
-83.60565185546875
-65.3090591430664
-94.63822174072266
-87.80575561523438
-99.32169342041016
-102.06257629394531
-99.57382202148438
-96.61257934570312
-80.02423095703125
-101.71159362792969
-77.25390625
-82.78863525390625
-103.08979034423828
-79.61180877685547
-97.49567413330078
-83.5309829711914
-90.92436981201172
-94.04869079589844
-92.33016204833984
-77.93827819824219
-90.94947052001953
